-1298498081
-939984059
-1
140954425
-1
646203300
460128162
1006933274
-1458323237
1
-774965466
-629458047
-1
443632888
-1124895541
-1304066831
-1277341737
-647515026
-1168565194
-1139424147
-1693516159
1
-638043721
-1
-2097913000
1462604538
-2003272451
-1
1568160156
-1926275561
-1980435746
1990689002
-1483565094
1394767996
867160953
1924879241
-1384138643
-1337298878
1149509107
1348830552
-881161598
-1181431515
1783558010
-858958590
-879648553
-6105384
-1201286137
984497726
-1
1816412079
531430493
-1748898981
1157944885
1
631373749
-1
-764004384
-1348264547
-54103616
-1
1996325786
